2792
3866
4755
4674
3780
4430
4354
3447
1361
2084
281
3250
1288
3789
1020
3115
2983
2656
3347
2822
2735
4068
3182
4109
1534
3784
4344
3654
3510
3872
254
3383
3020
3509
3120
2268
4192
2216
1734
2689
3439
1622
512
1170
4829
3774
1866
4479
2481
2803
4826
4008
4075
1777
550
2424
3375
415
2489
549
79
3608
2707
1094
4093
3219
140
4956
1053
2612
3147
1286
2470
129
433
4480
3942
3356
2712
1408
4880
3449
80
1497
1830
280
384
4751
1872
1529
1698
3524
4519
3070
2321
3283
1474
4163
149
405
1243
2020
3333
3571
492
207
2864
1428
883
3198
4745
3114
3483
2
681
1606
4754
3954
109
4551
1890
2908
2271
734
3422
3451
664
555
2386
4619
2029
1116
3841
698
1320
3526
395
4320
1100
3445
3178
2997
4290
4550
2328
1356
3063
4470
2916
4429
3874
667
96
1756
3312
3485
1165
1611
2993
2496
4141
2211
4539
2353
1093
1498
653
1457
882
2398
4908
2456
4289
3521
1180
1825
1003
1256
3762
2581
2576
4895
1057
749
4969
2567
3693
3170
1842
4605
1805
3166
3465
1689
4445
1561
3949
4262
2928
1672
558
1907
3321
421
4652
1216
2604
1969
4856
2342
222
1335
4443
1732
3833
2700
2788
2620
2195
1077
2824
2978
2292
1868
4411
1369
791
1218
4017
4168
2560
4139
2390
4611
2167
4749
3790
4235
2218
101
1009
4671
1555
4766
3303
987
3000
3327
4027
451
2239
23
2798
62
3194
2368
2918
1049
3825
843
3939
4912
1826
2031
2669
920
493
2155
850
36
3535
1841
4143
4304
1559
2431
868
3743
4797
4371
4123
1349
4873
3259
4345
967
1903
4350
2648
4598
1711
4184
3335
3672
4762
4018
4501
4420
1873
4780
2699
3806
3985
4197
1491
1577
4056
1991
4403
3965
2244
1700
1067
3481
4337
764
2014
962
1493
2642
685
2298
3768
2177
4723
618
726
331
3925
2279
4617
1723
474
3879
3626
132
4802
3139
4072
4683
3935
2995
3112
131
2821
1970
3201
490
4718
232
861
2749
1572
4651
2472
2617
4102
4781
1724
620
3038
2313
3920
3933
3440
4775
4601
1930
4859
2634
3270
2243
1525
1233
4273
4495
2372
1439
1879
2294
4079
3052
2859
253
2869
1177
2984
2721
3799
3032
693
1476
4627
2723
4566
2334
4129
372
1402
2985
3243
4394
289
1414
273
2949
2944
4915
1079
4883
3793
1283
3080
1246
673
171
3588
188
2235
2344
1360
2544
1488
108
1774
574
2221
1137
4542
163
807
4277
4952
4510
1984
1300
4892
89
1461
1755
313
2796
4475
3962
2095
4997
270
2684
3921
2423
98
369
2618
3953
961
1342
2654
1977
1790
4425
1543
963
3003
2302
4381
4941
1368
3126
1135
4996
1469
485
1047
2285
1610
4365
319
278
3315
1025
1737
4993
4981
581
1407
1127
584
2008
648
2004
4535
237
4974
4179
3492
3530
873
2001
985
3288
683
3015
4210
3149
93
1032
3536
2765
3912
2514
3898
2138
4534
4635
844
3576
3392
4314
2288
1722
3467
2747
3099
3412
3009
318
1344
4126
4760
1120
3505
2042
2454
602
1980
2574
3685
662
2287
4009
1289
4790
2402
4120
1712
4331
4373
2107
1199
4338
2186
2361
1105
3597
394
2103
2233
4710
3353
3331
1731
3441
3128
271
3320
1703
4230
535
2129
4271
1331
4821
4875
1187
2452
59
2363
2566
4949
2755
4435
3796
4452
4920
1891
839
72
707
1973
1014
1375
4161
4990
2222
4216
1692
3727
2725
88
3037
3870
3417
2419
996
1238
4050
4214
3272
2116
3426
4414
4586
687
4737
2726
3888
3301
2203
576
3444
4299
524
630
4814
4293
2283
1565
1386
2005
3468
859
1929
2980
587
2410
4076
4545
3777
3859
2764
2086
470
748
696
894
3001
1309
1506
2499
4113
743
2447
2886
1709
4720
2556
567
4991
3857
4893
1239
4568
3802
1888
489
3537
1466
521
4279
3497
3579
4899
940
1786
4306
4958
2570
119
2598
3220
1900
2022
903
1550
2635
275
1197
33
432
2385
212
2825
2098
2835
3864
3054
1419
4039
1063
2651
94
361
3489
4693
2337
3048
107
2722
426
4538
84
2912
1892
2837
4831
2866
1742
2125
4187
2519
1895
4088
4086
708
3747
3573
4806
4297
2165
3363
4837
97
1254
1460
527
2518
3906
4963
604
1966
3583
3151
3450
335
3803
4549
591
4372
1345
2147
1008
3429
4552
4349
1069
2791
82
2189
1668
1435
808
3712
3156
2909
4608
2174
243
2374
4491
2857
3698
2965
1901
3656
641
1573
1041
824
2096
3013
2126
3998
875
836
1588
1426
274
1667
2026
4707
3948
669
1962
225
231
4124
1947
660
632
617
2657
3538
2043
1898
4264
3827
3191
901
208
249
1938
1927
1418
758
3176
3704
3680
4673
1860
2483
255
18
955
4298
3958
4734
4953
265
3517
4438
1315
4153
2671
3367
3785
3977
1913
4514
4191
4858
387
4369
2360
2091
135
3402
4265
4070
4097
2063
1306
1549
347
3403
1024
3221
1539
3355
3603
2901
3211
1651
592
2622
3865
1925
3778
3534
2087
1591
4556
2537
3846
561
1797
1517
2161
2378
4708
712
2826
2260
3937
1149
3917
2827
4342
3284
3810
1496
1632
724
2982
588
445
1589
3017
2471
2396
2748
4666
4454
3722
4967
3858
12
4842
1638
3294
1544
4249
2704
2062
1547
4554
4786
3878
1971
2358
3026
1278
3113
1217
1983
219
1446
4940
3351
1736
3279
1102
467
2220
3116
2133
2939
1910
2815
1244
76
872
1076
2641
2485
2667
2277
879
3022
178
322
2267
4484
800
1185
788
1614
4148
889
1992
1139
142
4367
3117
1674
1952
1075
2737
720
308
2960
1114
2876
2488
4798
2539
3969
4640
246
3595
1194
1068
3078
1649
4910
4523
2164
3941
1314
1554
248
1791
68
1593
4877
694
3282
1820
1330
4922
4833
