4230
3567
3351
200
1229
1200
977
4243
3317
2406
3945
1607
689
3487
3249
1531
2759
2798
2140
163
3808
2757
1690
1345
2087
3141
1874
2212
1616
3019
76
84
373
776
2755
4766
3260
380
3425
4984
1469
1056
221
2706
65
3361
3975
2023
4569
312
3446
569
1890
475
1097
4446
3445
2486
4153
2985
101
1365
2678
1847
4757
2331
4831
2096
2938
2943
4301
4912
3819
4318
2485
1593
2705
151
1063
2260
57
275
3170
4996
2196
1015
971
1342
3948
2631
225
3349
3354
98
3165
387
963
659
1075
3479
4046
1689
274
4898
2622
3138
3277
2443
2357
4359
207
2056
4278
2723
244
2147
3667
1913
4148
2509
311
4628
4176
3078
824
367
3727
2340
3438
4723
4608
791
2043
946
3527
1132
4838
3184
135
2123
2285
1418
2273
2488
2797
4411
4419
2748
255
2635
2567
3358
2785
4185
3965
1185
2454
3077
2322
851
1699
2001
4146
2921
504
2903
4357
1501
490
3616
1354
1920
3032
4958
3212
2462
1012
4461
1372
2834
3837
219
808
3152
656
308
3598
859
153
3128
209
3099
631
2063
3797
1930
3194
3590
245
1910
3898
2358
18
540
4513
2574
2895
2642
787
1488
4492
2261
566
104
4871
1396
4539
3301
431
2351
4198
1252
1873
2722
4963
707
3080
4978
3792
287
681
4159
4026
2129
3538
1177
2421
264
4875
2912
2267
3926
4414
4642
2577
2824
133
2965
4246
1197
4542
3048
3449
4858
1975
3211
1447
2618
993
330
1555
1025
1003
1550
1901
2235
1587
1742
359
3534
2161
4549
1790
1491
249
2652
4904
4372
2047
2431
2558
3456
2469
3535
1120
4548
2051
1559
1640
2329
3767
1011
3608
3320
1844
2566
1016
789
2385
2560
265
3322
1760
470
1537
939
958
278
4039
4191
2604
1300
784
2243
3139
4216
3092
4671
3698
2257
3595
576
4938
4299
4097
4652
1529
1426
2186
2221
1561
1632
2335
3151
3468
1163
4306
1611
1226
2271
2412
4363
567
1048
3243
1283
3505
4809
602
1544
347
3022
3888
4028
2780
72
3929
2987
591
4209
4806
617
1477
4367
2521
3061
3412
4043
3355
1692
3321
2177
1415
178
467
4927
474
4974
2233
2598
3429
4749
3244
2514
3937
3521
2861
361
1344
1315
4859
369
4498
2121
4644
4374
3825
4210
726
3991
1021
2453
3402
2939
4834
4818
230
4553
1232
1731
3515
4386
2054
1974
1971
705
2367
2086
987
985
4050
232
2313
3038
1879
979
3166
3467
3846
724
1068
4537
584
108
4981
3334
1024
1053
557
669
1830
3573
785
3237
1331
4144
1925
1093
2764
2544
1549
4342
4640
1973
2962
3588
1746
2997
4737
1176
1545
1590
2174
25
4627
3664
632
764
2444
4371
4264
4262
280
2294
653
99
1848
903
2306
1892
33
451
4993
3712
807
3793
4710
3149
394
3803
3333
915
1047
2489
2292
1860
3015
3441
801
4953
743
3844
943
4821
3570
4534
4883
222
1135
1014
3353
1256
556
1254
4651
873
2371
2826
327
4790
3761
371
3802
3962
2405
555
4673
2126
4566
208
4814
4365
1877
3000
2109
532
1030
3383
1360
1818
3483
3977
3856
2866
1703
2600
2821
3221
4990
1797
2648
2726
4972
75
4892
313
1483
970
4535
889
2815
335
2594
1182
2349
3037
3729
894
974
1517
1520
2908
2934
2466
2005
2389
4471
4438
1216
2791
1402
2004
2825
3894
3806
4401
1980
758
1908
896
4760
4893
4220
237
4009
4754
322
4601
1992
3117
405
1371
2165
2298
1194
2554
4143
875
630
3985
144
2156
2620
3517
4420
4519
3526
252
1724
3403
4017
2194
2837
2342
4271
3020
592
3439
1816
3112
3762
3219
4373
3394
3113
1187
331
88
3556
1244
4454
2859
1105
3996
89
839
3921
1375
1756
524
1446
4899
4277
4093
3063
1991
2337
2667
4163
4802
334
3685
920
1457
2192
1786
279
2195
94
3722
1419
3465
1723
1700
4949
3857
3906
1543
4480
1868
4910
4956
2372
1504
3796
3070
3935
2944
3481
3270
4484
149
107
1498
1572
4018
2155
1898
1386
1069
4168
3530
4491
1983
1493
4605
1907
319
587
1962
3710
2014
2277
2499
93
2684
4086
4997
1238
4969
1805
3618
59
1077
3003
1180
109
270
3312
1573
97
2334
4369
3833
1408
4120
2993
648
4126
4435
271
4123
3509
426
3259
2803
2641
80
1672
2239
129
4479
4842
415
1891
3252
3315
827
2651
962
1622
1506
2244
1165
4298
2869
2374
23
3147
2980
2138
1356
700
4079
748
4388
2456
273
850
512
3492
4895
4745
36
2725
868
1927
2095
2424
1774
1461
3866
2864
3954
132
4475
4289
289
4952
3156
3958
4279
1349
3925
1900
3422
4693
3201
1116
1737
1895
1199
1049
1428
1414
1067
535
3115
4235
4619
3864
4290
1476
1903
4076
2707
2984
96
4780
2203
712
4452
384
4197
2928
1698
2654
3451
2765
4556
2287
4635
4337
521
1842
2570
685
171
2699
1777
550
3426
2747
4102
2268
4991
1057
2423
2321
2022
3743
2402
253
493
882
1755
2452
3672
4873
4611
843
140
2167
4394
433
4495
4915
4350
2029
4331
2634
3874
734
2712
967
4617
421
3571
1335
2361
1170
3356
1233
4381
4008
2721
4293
2020
4429
2612
1407
2916
4550
3120
664
3790
1825
1361
3654
4445
1970
4027
2470
1866
2576
3747
4139
667
2398
4826
1320
662
4829
3198
4755
2788
1218
3126
3942
3114
1246
2353
1734
1243
3327
1534
883
4320
62
1094
3303
2735
3841
3799
4443
3485
4751
4856
254
4880
3872
2978
492
2689
698
2
3524
2216
3626
3510
395
3576
1369
1577
3784
4192
2084
131
3789
4354
2700
3182
3774
3250
1606
3693
1872
4141
2211
1288
3178
4344
2669
2792
1020
4075
549
1474
4430
2481
79
1286
281
2983
2656
2822
3447
4068
3347
4674
