1755
1651
978
4963
4305
3505
3537
4248
4744
4255
4124
3655
186
4988
3650
3873
2838
2043
2848
661
170
2816
2260
94
322
4084
1587
3432
2900
3041
942
4070
4676
4435
3576
855
747
4635
913
420
2982
2667
2725
2313
4935
4507
3279
2960
641
2539
4123
1966
2096
3236
2526
1517
2783
2122
4009
904
4243
915
2788
4552
687
2199
3022
821
1375
601
2358
93
3085
839
4146
3952
2109
4365
255
4259
1588
1176
4498
248
1742
2083
659
692
536
452
4875
1878
4027
3320
3597
4136
1731
1278
3116
4859
3859
2401
2925
820
3551
3048
1785
2994
337
1801
2833
3429
1046
2003
1550
4174
964
163
2220
4699
385
2837
2622
3975
3831
2116
4342
378
616
2550
4631
2454
2939
4643
985
3827
2985
3810
4617
2544
1101
1992
4147
2095
1860
4871
4992
1786
3803
3171
3606
4394
1319
1612
4514
1709
395
1088
1381
1674
455
1724
1075
422
2748
364
1913
4221
1703
1962
1887
4608
903
4126
4028
4110
677
4707
2813
648
1820
85
3156
3112
1244
630
2634
4601
4197
3353
3496
3626
2866
2724
1971
3802
2761
671
2876
4350
4545
1247
3270
1576
3534
4535
2126
1872
3995
2587
1848
3696
289
4073
708
4877
2700
2723
3942
4347
836
1803
3825
2353
1790
1615
2859
12
986
900
3126
2385
4967
662
1544
2438
2363
33
1345
720
4423
2471
2378
2261
4774
2329
3134
2402
1397
3675
4892
3472
4786
3163
1604
3659
126
2251
2537
1105
746
4530
119
3704
3693
2347
561
3885
7
3211
3272
221
1139
3680
1677
1233
239
3998
108
1506
2189
513
2063
3555
4475
1574
4983
2022
369
4340
2115
1737
1197
4287
3776
2499
3857
3072
3969
1614
4429
1331
2450
779
1342
2098
4279
3583
3485
1304
4495
1947
4235
2291
2835
3467
1693
2869
274
456
2485
270
4790
2021
3428
3145
3947
1649
4265
2195
2857
669
1309
3221
540
4886
4374
4367
1745
1217
2764
2721
4013
1239
1369
4858
2222
1344
1948
4611
1868
2635
3584
243
3412
504
584
1518
3050
3149
4542
2103
790
4489
1547
4957
1711
3284
1426
384
3698
253
3778
1188
1418
843
1338
1330
231
426
2004
4395
4075
2014
4566
4749
76
4710
4088
3766
4076
470
4299
1008
1884
258
1314
1007
1320
1723
249
2233
2165
3747
3796
1774
2243
2221
4949
72
1025
808
1935
3032
2026
2901
3917
275
237
920
1525
707
696
319
2298
872
3652
3530
1589
2211
2759
3603
4821
142
4064
1127
1577
1765
4837
3128
1901
660
3037
4233
3685
1067
2042
4554
2565
1805
3965
1063
879
4941
4775
1736
1457
1692
567
901
4319
232
1049
4438
313
2980
1282
4249
1137
4506
4997
2087
975
4737
591
3468
4443
382
4373
1888
2086
3198
4814
488
2620
3536
2009
1543
96
387
1120
59
1092
1930
3833
2722
4776
219
2483
3492
3588
679
3191
3579
882
604
4314
3870
3331
2821
2125
4039
2
474
4102
379
2749
3178
4273
3985
2574
3451
4830
3535
844
4454
4216
1014
4981
4135
361
3777
88
4986
2292
89
576
1435
4990
3933
1907
830
2790
1496
3865
2765
82
4856
1077
1879
2755
587
1554
2283
602
489
1474
685
3123
2164
4568
693
2984
774
2965
4113
135
4145
4018
2244
3898
4993
4880
1980
3301
3114
4958
1057
98
3790
1177
1973
4584
1425
4349
3450
4230
4141
1749
3251
4899
2062
4896
528
1041
2642
101
79
2949
3009
4895
1952
1076
987
2704
4338
683
1916
3878
2684
445
3176
2186
2302
4502
3874
873
1286
4550
4425
1079
273
4139
3243
743
527
581
963
3013
3727
3444
3288
3888
3937
3499
1414
4214
1289
3656
4187
1402
2177
4996
4627
4445
1984
3139
36
149
2909
4277
3953
1991
4893
850
2107
222
2138
4168
4079
1135
3762
2993
2361
1591
3521
2372
1668
2294
2481
1722
2001
1300
1565
1700
1572
18
2824
4833
331
2368
4056
490
1825
2239
588
3220
3902
4651
2604
1488
1218
3392
4766
3303
2598
3481
4371
3806
2285
212
1165
4802
4598
1466
2796
2978
4883
2944
4708
1283
3001
1611
2456
618
2091
3449
1360
4605
171
4161
2419
1756
2447
4920
3921
493
3054
4320
3327
3524
961
2218
3962
1032
2029
1903
3038
4873
962
673
485
2344
372
4586
1256
2928
549
3000
3259
3312
3440
2008
967
4210
4671
2916
4510
3935
1349
3063
4072
3052
2167
940
1610
2798
1094
3417
1491
3201
1368
4337
1555
3422
807
996
1900
726
2235
2995
62
667
4734
1842
1672
492
2288
1428
4956
1335
188
2020
1977
2617
2398
4290
3363
4683
4184
421
1243
2496
2423
1826
664
698
4129
574
2566
1561
764
1970
2997
1003
4008
4411
3526
280
1712
1356
4143
4723
1667
3497
4797
2518
1180
4068
1216
2321
1732
4420
4969
1841
2031
109
3321
2648
2342
4718
23
4414
4908
2612
3920
1116
2567
1559
2560
4289
4912
405
3912
3194
4017
1830
4619
791
3170
2410
3841
4345
1408
2279
1873
80
2431
2707
4762
3954
3939
3879
1498
3147
3483
1439
4781
653
4262
3166
2386
1606
4974
3465
3445
4470
4539
4192
3356
3335
558
2155
451
2864
2216
4519
3949
4754
3120
2712
2918
2908
4344
3509
4745
1053
1622
4403
1777
4163
3774
318
3768
2390
3347
4179
1929
1093
734
4829
2271
2470
550
1866
129
4480
1689
3070
681
4826
415
749
1734
512
620
1969
140
2268
281
4751
4501
861
2581
2328
4652
207
2735
1009
2472
3375
1361
1100
3608
1698
4304
2489
555
3219
1890
2803
3784
1170
2689
3020
4093
433
3283
3654
3333
1529
3510
4479
2424
2656
254
2822
4551
2983
1020
3789
1497
1288
3439
3872
1534
3182
3115
2084
3250
4354
4109
3447
4430
3383
4674
2792
3780
4755
3866
